game;votes;hits;misses;guesses;accuracy;wins;votes;hits;misses;guesses;accuracy;wins;sum votes;sum guesses;
1;9126;16;33;49;32,65306122;0;9141;17;33;50;34;1;18267;99;
2;12967;17;26;43;39,53488372;1;14378;15;27;42;35,71428571;0;27345;85;
3;7958;17;16;33;51,51515152;1;7730;11;22;33;33,33333333;0;15688;66;
4;5937;13;21;34;38,23529412;0;6744;17;18;35;48,57142857;1;12681;69;
5;8210;17;31;48;35,41666667;1;7836;15;33;48;31,25;0;16046;96;
6;4700;15;21;36;41,66666667;0;4952;17;19;36;47,22222222;1;9652;72;
7;5056;17;27;44;38,63636364;1;5040;12;31;43;27,90697674;0;10096;87;
8;3644;17;25;42;40,47619048;1;4497;16;26;42;38,0952381;0;8141;84;
9;3819;16;31;47;34,04255319;0;4445;17;30;47;36,17021277;1;8264;94;
10;2907;10;34;44;22,72727273;0;4525;17;28;45;37,77777778;1;7432;89;
11;1919;17;15;32;53,125;1;2228;9;22;31;29,03225806;0;4147;63;
12;1834;17;19;36;47,22222222;1;1960;15;20;35;42,85714286;0;3794;71;
13;1556;16;17;33;48,48484848;0;1410;17;16;33;51,51515152;1;2966;66;
14;1457;17;29;46;36,95652174;1;2081;14;32;46;30,43478261;0;3538;92;
15;1239;17;17;34;50;1;1292;10;24;34;29,41176471;0;2531;68;
16;1080;17;14;31;54,83870968;1;774;14;16;30;46,66666667;0;1854;61;
17;708;12;14;26;46,15384615;0;1031;17;10;27;62,96296296;1;1739;53;
18;1197;14;28;42;33,33333333;0;1591;17;26;43;39,53488372;1;2788;85;
19;1345;17;24;41;41,46341463;1;1568;12;28;40;30;0;2913;81;
20;1394;17;26;43;39,53488372;1;1271;14;28;42;33,33333333;0;2665;85;
21;1104;17;25;42;40,47619048;1;1324;16;25;41;39,02439024;0;2428;83;
22;807;14;21;35;40;0;786;17;18;35;48,57142857;1;1593;70;
23;1538;15;32;47;31,91489362;0;1301;17;31;48;35,41666667;1;2839;95;
24;1475;13;27;40;32,5;0;1406;17;24;41;41,46341463;1;2881;81;
25;1580;17;25;42;40,47619048;1;1604;15;26;41;36,58536585;0;3184;83;
26;1459;15;24;39;38,46153846;0;1381;17;22;39;43,58974359;1;2840;78;
27;1511;14;19;33;42,42424242;0;1397;17;17;34;50;1;2908;67;
28;2251;13;25;38;34,21052632;0;2249;17;22;39;43,58974359;1;4500;77;
29;2333;14;22;36;38,88888889;0;2270;17;19;36;47,22222222;1;4603;72;
30;1884;12;17;29;41,37931034;0;2199;17;13;30;56,66666667;1;4083;59;
31;2960;13;25;38;34,21052632;0;2997;17;22;39;43,58974359;1;5957;77;
32;4688;17;28;45;37,77777778;1;4499;16;28;44;36,36363636;0;9187;89;
33;4462;17;20;37;45,94594595;1;4729;12;25;37;32,43243243;0;9191;74;
34;5389;15;26;41;36,58536585;0;5284;17;25;42;40,47619048;1;10673;83;
35;7909;17;35;52;32,69230769;1;8066;15;36;51;29,41176471;0;15975;103;
36;7164;15;31;46;32,60869565;0;7837;17;29;46;36,95652174;1;15001;92;
37;6511;17;22;39;43,58974359;1;5971;12;26;38;31,57894737;0;12482;77;
38;7882;17;26;43;39,53488372;1;7727;14;28;42;33,33333333;0;15609;85;
39;4503;17;12;29;58,62068966;1;4640;12;16;28;42,85714286;0;9143;57;
40;8901;17;28;45;37,77777778;1;8249;14;30;44;31,81818182;0;17150;89;
41;9361;17;24;41;41,46341463;1;8991;15;25;40;37,5;0;18352;81;
42;7520;14;22;36;38,88888889;0;8384;17;19;36;47,22222222;1;15904;72;
43;9098;17;22;39;43,58974359;1;7334;14;24;38;36,84210526;0;16432;77;
44;8717;15;29;44;34,09090909;0;9751;17;28;45;37,77777778;1;18468;89;
45;7905;17;19;36;47,22222222;1;8829;14;22;36;38,88888889;0;16734;72;
46;9999;17;25;42;40,47619048;1;8308;11;31;42;26,19047619;0;18307;84;
47;8117;16;21;37;43,24324324;0;7673;17;20;37;45,94594595;1;15790;74;
48;7332;9;27;36;25;0;8634;17;20;37;45,94594595;1;15966;73;
49;5796;17;10;27;62,96296296;1;4918;11;16;27;40,74074074;0;10714;54;
50;8438;13;27;40;32,5;0;10060;17;24;41;41,46341463;1;18498;81;
51;9560;11;33;44;25;0;12427;17;28;45;37,77777778;1;21987;89;
52;11737;17;29;46;36,95652174;1;11922;16;29;45;35,55555556;0;23659;91;
53;7860;15;20;35;42,85714286;0;8965;17;19;36;47,22222222;1;16825;71;
54;8271;17;20;37;45,94594595;1;8686;14;23;37;37,83783784;0;16957;74;
55;9996;15;32;47;31,91489362;0;12569;17;30;47;36,17021277;1;22565;94;
56;5046;12;16;28;42,85714286;0;7045;17;12;29;58,62068966;1;12091;57;
57;6715;17;18;35;48,57142857;1;6983;13;22;35;37,14285714;0;13698;70;
58;7686;16;22;38;42,10526316;0;8427;17;21;38;44,73684211;1;16113;76;
59;6506;14;20;34;41,17647059;0;7689;17;18;35;48,57142857;1;14195;69;
60;7303;17;19;36;47,22222222;1;8229;14;22;36;38,88888889;0;15532;72;
61;7469;17;20;37;45,94594595;1;7681;12;24;36;33,33333333;0;15150;73;
62;7646;14;22;36;38,88888889;0;7655;17;20;37;45,94594595;1;15301;73;
63;6581;17;19;36;47,22222222;1;8322;14;21;35;40;0;14903;71;
64;7351;17;22;39;43,58974359;1;8664;15;23;38;39,47368421;0;16015;77;
65;11732;17;29;46;36,95652174;1;9391;14;31;45;31,11111111;0;21123;91;
66;6256;15;17;32;46,875;0;6270;17;15;32;53,125;1;12526;64;
67;7152;17;20;37;45,94594595;1;7429;15;22;37;40,54054054;0;14581;74;
68;6749;14;24;38;36,84210526;0;8311;17;22;39;43,58974359;1;15060;77;
69;9175;17;26;43;39,53488372;1;8461;15;27;42;35,71428571;0;17636;85;
70;9010;17;24;41;41,46341463;1;8079;15;25;40;37,5;0;17089;81;
71;6104;13;20;33;39,39393939;0;6215;17;17;34;50;1;12319;67;
72;9416;17;24;41;41,46341463;1;6852;11;30;41;26,82926829;0;16268;82;
73;9414;16;25;41;39,02439024;0;7909;17;25;42;40,47619048;1;17323;83;
74;7168;12;25;37;32,43243243;0;6997;17;20;37;45,94594595;1;14165;74;
75;7461;14;24;38;36,84210526;0;8639;17;21;38;44,73684211;1;16100;76;
76;6281;17;17;34;50;1;7150;7;27;34;20,58823529;0;13431;68;
77;5653;17;17;34;50;1;6988;14;20;34;41,17647059;0;12641;68;
78;5945;16;18;34;47,05882353;0;6062;17;18;35;48,57142857;1;12007;69;
79;3582;9;21;30;30;0;4658;17;13;30;56,66666667;1;8240;60;
80;5618;17;24;41;41,46341463;1;6698;15;25;40;37,5;0;12316;81;
81;6967;17;29;46;36,95652174;1;8256;16;29;45;35,55555556;0;15223;91;
82;5316;17;22;39;43,58974359;1;5937;10;29;39;25,64102564;0;11253;78;
83;5393;13;24;37;35,13513514;0;5298;17;21;38;44,73684211;1;10691;75;
84;4817;17;17;34;50;1;4652;14;20;34;41,17647059;0;9469;68;
85;4650;14;23;37;37,83783784;0;4693;17;20;37;45,94594595;1;9343;74;
86;3613;7;26;33;21,21212121;0;4764;17;17;34;50;1;8377;67;
87;5034;17;24;41;41,46341463;1;6135;14;26;40;35;0;11169;81;
88;3474;15;16;31;48,38709677;0;4001;17;14;31;54,83870968;1;7475;62;
89;5255;15;25;40;37,5;0;5370;17;24;41;41,46341463;1;10625;81;
90;4897;17;20;37;45,94594595;1;5463;12;24;36;33,33333333;0;10360;73;
91;3586;15;17;32;46,875;0;4341;17;15;32;53,125;1;7927;64;
92;4179;12;25;37;32,43243243;0;5592;17;20;37;45,94594595;1;9771;74;
93;4540;13;27;40;32,5;0;5856;17;24;41;41,46341463;1;10396;81;
94;5358;17;20;37;45,94594595;1;4306;13;23;36;36,11111111;0;9664;73;
95;5031;15;28;43;34,88372093;0;5537;17;26;43;39,53488372;1;10568;86;
96;2675;7;24;31;22,58064516;0;4637;17;14;31;54,83870968;1;7312;62;
97;4552;17;22;39;43,58974359;1;4825;14;24;38;36,84210526;0;9377;77;
98;3719;14;16;30;46,66666667;0;4251;17;14;31;54,83870968;1;7970;61;
99;3123;17;11;28;60,71428571;1;3591;14;14;28;50;0;6714;56;
100;3013;17;8;25;68;1;2638;9;15;24;37,5;0;5651;49;
101;3751;9;23;32;28,125;0;3703;17;15;32;53,125;1;7454;64;
102;4784;13;28;41;31,70731707;0;5971;17;25;42;40,47619048;1;10755;83;
103;6274;17;30;47;36,17021277;1;7430;12;34;46;26,08695652;0;13704;93;
104;4185;17;16;33;51,51515152;1;4383;15;17;32;46,875;0;8568;65;
105;7148;17;33;50;34;1;6505;15;35;50;30;0;13653;100;
106;5465;17;22;39;43,58974359;1;4854;15;23;38;39,47368421;0;10319;77;
107;5943;15;25;40;37,5;0;4645;17;23;40;42,5;1;10588;80;
108;4240;17;16;33;51,51515152;1;4303;10;23;33;30,3030303;0;8543;66;
109;5531;17;22;39;43,58974359;1;3958;11;28;39;28,20512821;0;9489;78;
110;6456;17;30;47;36,17021277;1;5852;15;32;47;31,91489362;0;12308;94;
111;6948;17;25;42;40,47619048;1;4979;14;28;42;33,33333333;0;11927;84;
112;5288;15;27;42;35,71428571;0;4319;17;26;43;39,53488372;1;9607;85;
113;4291;13;30;43;30,23255814;0;4460;17;26;43;39,53488372;1;8751;86;
114;2735;17;11;28;60,71428571;1;2899;12;16;28;42,85714286;0;5634;56;
115;4082;17;19;36;47,22222222;1;3055;14;21;35;40;0;7137;71;
116;4400;15;24;39;38,46153846;0;3795;17;22;39;43,58974359;1;8195;78;
117;4866;17;26;43;39,53488372;1;4397;15;27;42;35,71428571;0;9263;85;
118;4676;17;22;39;43,58974359;1;3665;15;24;39;38,46153846;0;8341;78;
119;4876;15;25;40;37,5;0;3242;17;23;40;42,5;1;8118;80;
120;5065;13;28;41;31,70731707;0;4146;17;24;41;41,46341463;1;9211;82;
121;4251;17;18;35;48,57142857;1;3557;13;22;35;37,14285714;0;7808;70;
122;4489;14;25;39;35,8974359;0;3842;17;23;40;42,5;1;8331;79;
123;5142;17;26;43;39,53488372;1;4892;8;34;42;19,04761905;0;10034;85;
124;4996;17;23;40;42,5;1;4288;14;25;39;35,8974359;0;9284;79;
125;4581;17;21;38;44,73684211;1;3296;12;25;37;32,43243243;0;7877;75;
126;5819;10;32;42;23,80952381;0;3911;17;26;43;39,53488372;1;9730;85;
127;6231;16;26;42;38,0952381;0;4129;17;26;43;39,53488372;1;10360;85;
128;3655;15;18;33;45,45454545;0;3849;17;16;33;51,51515152;1;7504;66;
129;6206;15;32;47;31,91489362;0;6559;17;30;47;36,17021277;1;12765;94;
130;4066;14;24;38;36,84210526;0;5643;17;22;39;43,58974359;1;9709;77;
131;4833;15;29;44;34,09090909;0;6967;17;27;44;38,63636364;1;11800;88;
132;3732;13;19;32;40,625;0;5669;17;15;32;53,125;1;9401;64;
133;6191;12;36;48;25;0;10089;17;31;48;35,41666667;1;16280;96;
134;4670;13;23;36;36,11111111;0;6960;17;19;36;47,22222222;1;11630;72;
135;4624;17;16;33;51,51515152;1;5788;11;21;32;34,375;0;10412;65;
136;7033;17;26;43;39,53488372;1;8830;16;27;43;37,20930233;0;15863;86;
137;7484;17;24;41;41,46341463;1;8694;15;26;41;36,58536585;0;16178;82;
138;8634;17;25;42;40,47619048;1;8544;15;27;42;35,71428571;0;17178;84;
139;8084;12;27;39;30,76923077;0;8313;17;23;40;42,5;1;16397;79;
140;8436;17;24;41;41,46341463;1;8910;14;27;41;34,14634146;0;17346;82;
141;9786;15;30;45;33,33333333;0;8770;17;28;45;37,77777778;1;18556;90;
142;7003;12;31;43;27,90697674;0;10234;17;27;44;38,63636364;1;17237;87;
143;7589;17;22;39;43,58974359;1;10165;10;29;39;25,64102564;0;17754;78;
144;7302;11;28;39;28,20512821;0;8932;17;22;39;43,58974359;1;16234;78;
145;7600;12;26;38;31,57894737;0;10386;17;22;39;43,58974359;1;17986;77;
146;12420;18;32;50;36;1;15402;16;33;49;32,65306122;0;27822;99;
147;13130;18;19;37;48,64864865;1;12931;13;24;37;35,13513514;0;26061;74;
;831273;2245;;5684;5900,000973;74;874919;2229;;5681;5853,763386;73;1706192;11365;total
;5654,918367;15,27210884;;38,66666667;40,13606104;;5951,829932;15,16326531;;38,6462585;39,82151963;;11606,7483;77,31292517;median
